0.009987 112
3.248467 4
0.162693 33
0.170350 36
0.121314 33
0.161560 36
0.232865 11
0.937165 7
0.333240 33
1.606477 2
0.682220 54
0.031211 50
17.907149 1
0.191096 1
0.320867 1
0.262773 1
0.491409 1
0.097044 1
0.169432 1
0.181497 1
13.431864 1
0.202652 1
0.404071 1
0.132706 1
0.819512 11
0.005248 27
0.000363 54
15.728410 12
0.393327 1
0.465136 1
0.190071 1
0.122337 1
0.160537 1
0.756905 7
0.314202 5
0.093702 5
0.622400 7
0.463391 5
0.587564 5
0.604955 5
0.191907 5
0.394461 5
1.271102 5
0.182522 5
0.119141 5
1.021044 1
0.198097 1
0.178002 1
0.155208 1
0.113085 5
0.215604 1
0.269851 1
0.223238 1
0.346918 1
0.249969 1
0.179309 1
0.173231 1
0.160643 1
0.171825 1
0.554342 11
0.046123 29
0.046943 29
0.010706 29
0.048609 58
0.032794 58
0.624512 30
0.023611 60
0.011412 60
0.020196 60
0.011521 60
0.009651 60
0.001553 60
0.002257 60
0.006581 60
0.005269 60
0.002080 60
0.000605 60
0.007104 33
0.017093 64
0.036714 66
0.137847 140
0.226148 54
0.001867 177
0.001879 150
0.043147 47
0.001777 182
0.011322 169
0.009997 13
0.338275 153
0.500911 34
0.434657 48
0.118486 151
0.044241 238
0.011369 228
0.011009 201
0.030712 64
0.000355 27
0.002171 133
0.067795 252
0.003006 62
0.002228 158
0.017182 66
0.000454 162
0.042543 222
0.013675 51
0.001126 111
0.001126 36
0.044603 173
0.000967 36
0.090616 202
0.040523 230
0.001568 186
0.003396 46
0.012184 112
0.153573 75
0.088400 73
0.001841 363
0.002590 26
0.000737 26
0.000254 26
0.000776 26
0.000342 26
0.001192 99
0.000441 67
0.014258 42
0.169705 58
0.001270 65
0.018621 42
0.177231 62
0.001344 71
0.045016 52
0.152917 56
0.001141 67
0.023770 48
0.121483 55
0.001009 69
0.017387 46
0.147606 59
0.001089 67
0.017288 48
0.150405 68
0.001041 84
0.010557 65
0.124245 59
0.001162 75
0.011020 56
0.164662 62
0.001856 85
0.013571 66
0.125934 57
0.001359 85
0.023587 66
0.134786 57
0.001094 65
0.012154 46
0.157371 57
0.001385 69
0.012604 50
0.203285 47
0.000989 65
0.041402 40
0.165270 57
0.000896 84
0.016963 61
0.106375 65
0.001251 81
0.017793 62
0.155048 49
0.061312 49
0.074589 63
0.100675 53
0.092583 62
0.122085 66
0.067095 67
0.081248 57
0.036766 47
0.061143 43
0.062958 47
0.066773 67
0.062844 43
0.128303 250
0.000478 526
0.442866 44
0.640734 29
0.121224 51
0.044476 41
0.063666 54
0.067291 56
0.027041 44
0.475320 78
0.001929 7
0.088387 54
32.805397 62
1.420220 101
6.457322 11
0.314621 55
0.002958 54
0.064263 13
0.252313 95
0.016126 101
0.000132 56
0.084070 121
0.000664 92
0.054822 58
0.058485 219
0.035613 36
0.097782 36
0.073483 49
0.095651 64
0.011428 29
0.049755 29
0.009039 29
0.048581 58
0.034131 58
0.587689 60
0.019145 30
0.001195 30
0.013733 30
0.015825 60
0.011423 60
0.009216 60
0.001514 60
0.004212 60
0.005001 60
0.004529 60
0.001954 60
0.000811 60
0.009051 33
0.016443 126
13.650841 2
0.004866 59
7.819471 95
1.229357 81
2.213121 11
0.217676 55
0.002731 54
0.063536 13
0.117549 124
0.032792 198
0.041460 117
0.036323 25
0.016023 130
0.079674 13
0.085944 13
0.083362 29
0.008282 29
0.050040 29
0.009186 29
0.049658 58
0.034417 58
0.551146 60
0.012490 60
0.019299 60
0.010224 60
0.011001 60
0.001374 60
0.002121 60
0.005927 60
0.004506 30
0.001785 60
0.002184 60
0.000688 60
0.007712 33
0.017190 126
13.935492 2
6.073483 128
0.955761 61
0.001037 132
0.197702 230
0.003093 156
0.002242 62
0.076049 13
0.106947 292
0.000968 76
0.037978 242
0.046869 26
0.001379 91
0.036369 155
0.058354 13
0.093218 25
0.094912 25
0.090565 26
0.500720 26
0.021762 140
0.010234 50
0.000726 28
0.001975 92
0.008246 29
0.051823 29
0.008810 29
0.045323 58
0.035649 58
0.552393 60
0.011384 60
0.020011 60
0.011802 60
0.011380 60
0.001280 60
0.001853 60
0.005704 60
0.003332 30
0.001518 60
0.003294 60
0.000664 60
0.000403 60
0.007442 33
0.016900 568
0.046120 29
0.045052 29
0.008839 29
0.045205 58
0.041672 58
0.578100 60
0.011929 60
0.017622 60
0.008701 30
0.002045 60
0.010768 60
0.001287 60
0.002050 60
0.005425 60
0.005494 60
0.003350 60
0.000576 120
0.006756 33
0.017125 64
0.037483 66
0.137708 140
0.246687 47
0.000707 10
0.010889 167
0.008448 22
0.501075 63
0.291852 260
0.500783 74
0.500228 42
0.501173 44
0.500384 44
0.501068 44
0.500153 44
0.500692 44
0.500687 44
0.500802 44
0.500462 44
0.501070 217
0.500575 217
0.500987 217
0.296055 461
0.216605 75
0.040481 16
0.309975 72
0.005017 337
0.005629 26
0.004030 26
0.005066 26
0.001392 26
0.002149 26
0.003895 26
0.008423 99
0.001876 545
0.052177 49
3.525629 237
0.077986 50
0.010397 237
0.023059 237
0.069136 20
0.011221 57
109.864526 1
0.120271 1
0.808210 1
0.129403 1
0.185801 1
0.967693 1
0.432122 1
0.474600 3
1.514979 1
0.103995 1
0.186966 2
0.932647 1
0.209655 3
0.858444 1
0.164085 8
0.897850 11
0.048600 13
0.004754 57
13.487465 1
0.282818 1
0.235507 1
0.350058 1
36.172064 17
0.493072 112
1.763968 1
0.228715 1
0.232370 1
0.292104 1
0.772161 8
