0.009261 112
6.214835 4
0.171130 33
2.899497 2
0.667399 54
0.030033 50
1.767902 1
0.087994 1
0.102482 1
0.219096 1
0.746818 3
0.404220 1
0.241862 1
1.175935 1
0.128950 1
1.785773 1
0.109068 1
0.162010 2
1.858622 1
0.147810 3
1.396796 87
0.865823 1
0.151688 1
0.202408 11
0.001749 10
0.000416 76
2.055124 1
0.130416 1
0.100256 1
0.163041 1
0.212752 1
0.917099 1
0.170232 1
0.309774 7
1.519621 11
0.000406 31
0.000609 76
58.343344 1
0.139211 1
0.282739 1
0.958376 1
0.503534 1
0.076637 1
0.135003 1
0.263443 1
2.331249 3
0.151986 3
0.474233 3
0.494930 3
0.043160 3
0.037357 3
0.041893 3
0.038791 3
0.040100 1
0.047990 1
0.039900 1
0.040505 1
0.041788 1
2.109127 1
0.567062 11
0.000559 29
0.000657 76
7.544760 1
0.111121 1
0.203351 1
1.047192 1
2.746542 1
0.463670 65
4.983582 1
0.162072 1
0.362728 1
0.484964 1
0.493893 1
0.110265 1
0.112427 1
0.209716 1
0.990511 1
0.241271 1
0.263902 1
0.090555 1
0.127069 1
0.153210 1
2.841019 11
0.029418 13
0.110742 164
0.143567 313
0.151393 103
0.036648 177
0.041529 103
0.045908 37
0.001812 146
0.022489 70
0.045205 106
0.023058 61
0.025403 140
0.035703 35
0.135440 69
0.132313 35
0.251144 188
0.501364 68
0.371070 105
0.000769 60
0.021194 119
0.220173 216
0.325592 299
0.002181 89
0.014229 156
0.501563 68
0.500041 68
0.077890 187
0.000105 244
0.011836 148
0.014047 157
0.001158 97
0.500604 37
0.500876 37
0.500728 37
0.500537 37
0.500564 208
0.500691 208
0.396953 910
0.500260 208
0.181995 499
0.057504 707
0.073027 208
0.001007 209
0.000225 292
0.129069 713
0.071238 715
0.002105 715
0.088361 715
0.001268 208
0.178954 416
0.090344 416
0.010981 208
0.000155 208
0.014850 416
0.026075 416
0.012286 416
0.001392 416
0.020230 416
0.000976 452
0.012868 29
0.049528 29
0.009402 29
0.048748 58
0.034861 58
0.558436 60
0.013124 60
0.020392 60
0.013282 60
0.011680 60
0.001455 60
0.001976 60
0.001906 30
0.004188 60
0.004433 60
0.003251 60
0.000349 60
0.006910 33
0.015416 54
10.624352 32
0.993589 47
1.110035 11
0.054977 29
0.044892 29
0.009895 29
0.048827 58
0.033651 58
0.580209 60
0.014668 60
0.029184 60
0.005450 30
0.010837 60
0.016198 60
0.003341 60
0.002273 60
0.004961 60
0.005036 60
0.002077 60
0.000405 60
0.007628 33
0.017543 64
0.032593 66
0.139753 140
0.230186 33
0.028557 47
0.000835 8
0.015397 166
0.007586 13
0.305701 126
0.498462 31
0.012938 95
0.162117 75
0.113720 70
0.001455 363
0.002593 26
0.000463 26
0.000373 26
0.000424 26
0.000534 26
0.001210 99
0.000397 59
0.026058 28
0.140015 29
0.062291 258
0.014548 250
0.114842 54
5.558443 1
0.093327 1
0.116891 1
0.094296 1
0.180470 1
3.021477 1
0.109490 1
1.361939 3
0.486278 3
0.212192 3
0.180714 3
0.150631 3
0.163383 3
0.867544 1
0.111924 1
0.353843 11
0.001739 54
1.815233 1
0.088715 1
0.509224 1
0.206767 1
0.133233 1
0.283859 65
1.774427 1
0.163332 1
0.151483 11
0.001955 375
0.000433 54
3.510128 1
0.122219 1
1.290031 1
0.171606 1
0.260114 3
1.385158 1
0.179837 1
0.131726 2
1.291853 1
0.204309 3
2.199584 1
0.504547 1
0.053783 1
0.022489 1
0.040470 1
0.039736 1
0.046639 1
0.040316 1
0.038017 1
0.044314 1
0.031132 1
0.041244 1
0.039442 1
0.042717 1
0.040362 1
0.436848 1
0.186208 1
0.398709 5
0.152818 5
0.240452 1
0.395612 5
0.130507 5
0.110399 5
0.120625 5
0.536898 1
0.504938 1
0.063653 1
0.023608 1
0.029026 1
0.040529 1
0.038678 1
0.041278 1
0.044750 1
0.038265 1
0.039205 1
0.039336 1
0.041313 1
0.043614 1
0.040480 1
0.035728 1
0.040770 1
0.039944 1
0.630716 1
0.097418 8
0.881743 11
0.006390 722
0.000676 300
2.353204 36
0.006291 18
0.105124 19
0.153334 19
0.112602 19
0.087834 19
0.180310 19
0.149845 19
0.284875 19
0.232949 19
0.150448 19
0.313515 19
0.391778 19
3.464252 19
0.416092 19
0.137802 19
0.274110 19
0.153259 19
0.161851 19
3.765243 35
0.584096 36
0.133672 19
0.129602 19
0.105509 19
0.158017 19
0.516496 63
0.724672 19
18.443157 121
0.000888 310
1.810078 6
0.000327 45
0.020624 805
2.369183 6
0.001185 66
0.002608 57
4.399345 1
0.109675 1
0.134538 1
0.177551 1
0.697223 1
0.162267 1
0.363081 1
0.073449 1
0.360545 1
2.181465 3
0.505030 3
0.047611 3
0.027206 3
0.040524 3
0.040357 3
0.047227 3
0.041359 3
0.041232 1
0.040231 1
0.039237 1
3.120879 26
0.365248 1
0.494062 1
0.041804 1
0.039017 1
0.041545 1
0.038870 1
0.040453 1
0.039968 1
0.040561 1
0.040954 1
0.039622 1
0.041006 1
0.041393 1
0.040898 1
0.048109 1
0.035974 1
0.042469 1
0.040542 1
0.039158 1
0.040288 1
0.041312 1
0.338633 1
0.457615 5
0.112001 5
0.191470 5
0.143669 5
0.163237 1
0.420133 5
0.101802 5
0.100862 5
0.798095 11
0.001265 28
0.000485 54
3.972074 1
0.232782 1
0.099437 1
0.238238 1
1.634620 17
0.391929 112
2.115572 1
0.233339 1
0.281606 1
0.151264 1
1.408588 6
0.000022 2
