0.010424 126
68.964967 1
0.081381 1
0.535211 2
0.001480 332
0.002934 126
17.149637 8
0.000294 8
0.000976 16
0.000768 8
0.000332 6
3.864713 2
0.492332 35
0.000058 226
0.022965 126
10.819103 1
0.091217 1
0.220508 1
0.151401 1
0.240304 1
0.129166 1
0.339496 1
0.619722 1
0.141730 1
0.470597 1
0.397664 1
0.233467 1
0.309091 1
0.314704 1
0.085339 1
0.113468 1
0.376396 1
0.431250 1
0.194589 1
0.579384 2
0.095735 243
0.013350 126
39.259598 8
0.000270 8
0.000377 8
0.000684 16
0.000430 6
3.391948 4
0.504419 4
0.041351 4
0.040253 4
0.046502 4
0.035499 4
0.040265 4
0.040498 4
0.040613 4
0.042006 4
0.040164 4
0.041517 4
0.040144 4
0.041277 4
0.040155 4
0.040527 4
0.044227 4
0.036895 4
0.042947 4
0.040826 4
0.040743 4
0.040483 4
0.042887 4
0.039617 4
0.041540 4
0.040735 4
0.039981 4
0.040193 4
0.048941 4
0.036674 4
0.037988 4
0.040034 4
0.040802 4
0.041514 4
0.041123 4
0.040686 4
0.040327 4
0.041451 4
0.044919 4
0.035362 4
0.045106 4
0.036327 4
0.041077 4
0.042065 4
0.040492 4
0.040370 4
0.046680 1
0.035759 1
0.040460 1
0.043745 1
0.037881 1
0.041109 1
0.040241 1
0.044811 1
0.036536 1
0.040619 1
0.040727 1
0.616881 1
0.266582 1
0.140446 1
0.217076 1
0.703741 1
4.084312 1
0.518248 1
0.102681 1
2.159544 1
12.923208 8
0.000346 8
0.000323 4
29.995935 1
0.509176 1
0.036113 1
0.040559 1
0.042149 1
0.038985 1
0.041074 1
0.040290 1
0.043111 1
0.040391 1
0.040734 1
0.040661 1
0.041787 1
0.040050 1
0.040230 1
0.041536 1
0.040125 1
0.040843 1
0.040301 1
0.040475 1
0.043043 1
0.041071 1
0.040513 1
0.040299 1
0.041003 1
0.041167 1
0.040621 1
0.053292 1
0.027524 1
0.041741 1
0.040424 1
0.041623 1
0.040364 1
0.042311 1
0.040897 1
0.040928 1
0.040459 1
0.040755 1
0.040739 1
0.040521 1
0.041475 1
0.556992 5
0.131312 5
0.120842 5
0.157948 5
0.162975 9
0.096316 5
0.220019 5
0.388751 3
0.509045 3
0.034857 3
0.040463 3
0.041999 3
0.039148 3
0.041396 3
0.041096 3
0.040443 3
0.041702 3
0.039824 3
0.041958 3
0.041325 3
0.039987 3
0.042561 3
0.038856 3
0.040579 3
0.042124 3
0.039366 3
0.040588 3
0.040556 3
0.040899 3
0.044876 3
0.036640 3
0.043162 3
0.041634 3
0.039702 3
0.040185 3
0.040733 3
0.322584 1
0.549070 1
0.272922 1
0.197124 1
0.064618 1
0.246751 1
1.069827 2
0.300185 21
0.005258 25
4.184195 1
0.073329 1
0.876432 1
0.196225 1
0.133298 1
0.201109 1
23.966354 18
1.698609 2
0.023174 30
0.058279 90
0.037309 83
0.004936 350
0.002521 381
0.001345 676
0.005670 2
3.554720 1
0.332763 1
0.128812 1
0.539964 1
0.176488 1
0.503091 1
0.116356 1
0.589731 17
0.521472 1
0.094291 1
1.101814 22
0.003214 92
0.001514 2
3.006056 1
0.147786 1
0.095314 1
0.192662 1
1.005536 1
0.143369 1
0.210266 1
0.502273 1
0.335269 1
0.096334 1
0.172498 1
0.061235 1
0.302065 1
0.352690 1
0.179632 1
1.033000 26
0.170869 25
0.807776 1
0.237021 1
0.193316 1
14.000480 30
0.000702 29
0.002041 2
5.247850 1
0.359487 1
0.153733 1
0.431078 1
0.137649 1
0.418895 1
0.235904 1
0.266421 1
0.163060 1
0.164654 1
0.192597 1
0.326588 1
0.141813 1
0.125712 1
0.081505 1
0.836583 1
1.316960 30
0.002401 7
0.001854 2
3.740590 1
0.085664 1
0.619548 1
0.357860 1
0.152719 1
0.422890 1
0.105211 1
0.881979 1
1.314935 1
0.195810 1
0.315674 1
0.134683 1
0.082524 1
0.275124 1
1.427064 1
0.336752 1
0.847702 1
1.964034 1
0.149675 1
0.326905 33
1.379345 31
0.548713 42
1.841870 43
1.317653 44
21.951016 44
1.363162 45
1.787199 46
0.100347 47
0.306981 48
0.123992 49
1.028917 50
2.363759 51
0.384363 52
18.707701 218
0.000111 420
0.000026 195
0.002080 62
0.000372 1130
0.000275 692
0.001868 658
2.636375 98
0.620992 99
7.232165 100
1.727118 101
0.093530 102
0.306475 103
0.106588 104
0.857447 105
1.852302 106
0.663751 107
1.044426 108
0.144681 109
0.145206 110
0.140696 111
0.126304 112
0.478581 112
0.889465 101
0.785572 1
0.724890 104
0.066738 85
0.001778 2
5.658030 1
0.112380 1
1.124107 1
0.203654 1
0.184016 1
0.337249 1
0.092715 1
0.643750 1
0.583091 1
0.128415 1
0.270096 1
0.319004 1
1.142722 1
0.116437 1
0.427438 37
2.048495 38
5.419465 39
1.052131 28
1.031589 30
0.002899 122
0.001993 2
26.987645 28
0.336982 39
0.516902 39
0.035440 39
0.040141 39
0.041382 28
0.040850 28
0.041562 28
0.040281 28
0.040291 28
0.041037 27
0.466761 28
0.735745 29
0.172930 29
0.837047 31
0.002178 189
0.001638 2
8.449155 29
0.202012 28
0.409947 102
0.785417 28
0.644142 28
0.818555 28
0.174531 102
0.805275 102
0.511304 113
0.034475 113
0.040027 102
0.041677 102
0.041358 102
0.043016 102
0.039561 102
0.039165 102
0.040077 102
0.041219 102
0.040785 102
0.040643 102
0.043383 102
0.039270 102
0.041177 102
0.039921 102
0.042592 102
0.039819 102
0.041211 102
0.040491 102
0.042648 102
0.038721 102
0.040685 102
0.040971 102
0.040228 102
0.041668 102
0.039419 102
0.041733 102
0.043107 102
0.040374 102
0.040454 102
0.040439 102
0.040915 102
0.040329 102
0.041137 102
0.040941 102
0.041206 102
0.040911 102
0.041686 102
0.046576 102
0.033947 102
0.041143 102
0.042422 102
0.039699 102
0.040517 102
0.041254 102
0.040324 102
0.042371 102
0.038739 102
0.041219 102
0.039935 102
0.041162 102
0.041851 102
0.040783 102
0.040966 102
0.039901 102
0.041648 102
0.040680 102
0.040645 102
0.040137 102
0.042357 102
0.038887 102
0.041877 102
0.039750 102
0.040911 102
0.040901 102
0.042451 102
0.040783 102
0.041200 102
0.040771 102
0.040666 113
0.040687 113
0.040338 102
0.042190 102
0.039192 102
0.041451 102
0.040182 102
0.040616 102
0.042988 102
0.040326 102
0.040750 102
0.352804 102
1.041346 103
0.911091 105
0.002538 85
0.001755 2
3.382659 103
1.277856 29
1.172798 31
0.001703 189
0.000257 122
0.001806 2
29.795875 20
0.007108 21
16.948692 1
0.293549 1
0.167009 1
0.215226 1
7.538194 8
0.028897 126
62.981550 1
0.045750 1
0.438806 2
0.001494 332
0.000411 126
128.564150 8
0.000529 7
0.000397 7
0.000223 7
0.000449 7
0.000152 7
0.000258 7
0.000512 15
0.000723 15
0.000424 5
2.908651 2
0.777230 100
0.641391 28
0.001218 56
0.000633 95
0.000021 2
0.000676 47
1.004943 24
40.756248 49
32.154066 2
0.061459 2
0.000167 126
2.159437 1
0.350666 1
0.308369 1
0.133854 1
0.718942 2
0.000144 6
